1786425663
1786425665
1786425668
1786425671
1786425673
1786425701
1786425703
1786425706
1786425708
1786425710
1786425721
1786425723
1786425726
1786425728
1786425730
1786425741
1786425743
1786425746
1786425748
1786425751
1786426873
1786426876
1786426878
1786426881
1786426883
1786430393
1786430395
1786430787
1786430789
1786430792
1786430794
1786430797
1786436806
1786436809
1786436811
1786436814
1786436816
1786438017
1786438019
1786438022
1786438024
1786438027
1786440530
1786440533
1786440535
1786440538
1786440541
1786451661
1786451664
1786451667
1786451669
1786451672
1786452919
1786452922
1786452924
1786452927
1786452930
1786455198
1786455200
1786455203
1786455206
1786455208
1786456683
1786456685
1786456688
1786456691
1786456693
1786475207
1786475210
