HEADLINE START 2026-08-18T10:07:26Z
61601 61602 61603
61597
63812 63813 63814
64860 64861 64862
66632 66633 66634
68367 68368 68369
70493 70494 70495
72232 72233 72234
chained pid 72419
mech pid 72460
72832 72833 72834
74625 74626 74627
76464 76465 76466
78302 78303 78304
80123 80124 80125
82402 82403 82404
83950 83951 83952
84810 84811 84812
87837 87838 87839
89906 89907 89908
91734 91735 91736
92774 92775 92776
94195 94196 94197
chain2 pid 94206
95977 95978 95979
97698 97699 97700
99673 99674 99675
2294 2295 2296
4391 4392 4393
4652 4653 4654
6402 6403 6404
8628 8629 8631
10512 10513 10514
lat chain pid 10683
12603 12604 12605
14142 14143 14144
15900 15901 15902
17634 17635 17636
19381 19382 19383
21520 21521 21522
21811 21812 21813
23695 23696 23698
25733 25734 25735
27588 27589 27590
instruments pid 29396
